Distance: 0 meters
RSSI values: [2, 2, 0, -2, -2, -42, -40, 2, -38, -48, -48, 2, 2, -2, 0, -34, -34, -48, -54, -54, -44, -48, 4, -32, -38, -48, -50, -56, -46, 4, 2, 4, 2, 0, 0, -40, -48, -48, -54, -56, -56, -48, 4, 2, -78, -74, 0, -46, -50, -48, -50, -56, -56]
Average RSSI: -29.88679245283019

Distance: 5 meters
RSSI values: [-44, -46, -42, -44, -36, -36, -36, -38, -42, -38, -42, -40, -36, -36, -38, -38, -32, -36, -36, -36, -44, -46, -44, -44, -42, -44, -44, -40, -40, -40, -38, -38, -34, -34, -34, -36, -36, -50, -48, -42, -40, -36, -34, -36, -48, -40, -44, -46, -40, -40, -38, -38]
Average RSSI: -39.80769230769231

Distance: 10 meters
RSSI values: [-42, -42, -42, -44, -44, -48, -46, -40, -50, -42, -42, -44, -48, -68, -42, -46, -82, -44, -44, -44, -46, -44, -42, -42, -42, -46, -46, -36, -34, -36, -40, -58]
Average RSSI: -45.5

Distance: 15 meters
RSSI values: [-44, -42, -40, -44, -44, -50, -52, -54]
Average RSSI: -46.25

Distance: 0 meters
RSSI values: [-4, -4, -4, 0, -2, 0, 0, 0, -2, -2, 2, 2, 2, 0, 2, 2, 0, 0, -4, -4, -4, -4, -6, -6, -38]
Average RSSI: -2.96

Distance: 5 meters
RSSI values: []
Average RSSI: No data captured

Distance: 0 meters
RSSI values: [6, 6, 6, 6, 6, 6, 4, 4, 2, 2, 2, 2, -38, -32, -32, -32, -36, -46, -48, -46, -46, -56, -54, -52, -48, -52, -48]
Average RSSI: -22.74074074074074

Distance: 0 meters
RSSI values: [6, 6, 6, 6, 4, 4, 4, 2, 2, 2, 2, -30, -32, -32, -38, -36, -42, -40, -48, -46, -48, -46, -48, -48, -56, -54, -56, -56, -52, -48, -50, -50]
Average RSSI: -28.5

Distance: 5 meters
RSSI values: [6, 6, 6, 6, 6, 4, 4, 4, 2, 2, 4, 2, -48, -46, -46, -46, -56, -56, -54, -50, -82, -48, 6, 6, 6, 6, 6, 6, 6, 4, 2, 2, 2, 2, -32, -30, -48, -48, -48, -48, -56, -56, -48, -48, -52, -48, 6, 6, 4, 6, 4, 4, 2, 2, 2, 2, -30, -30, -32, -30, -32, -36, -42, -48, -48, -48, -48, -44, -46, -54, -56, -48, -48, -48, -48]
Average RSSI: -23.546666666666667

Distance: 0 meters
RSSI values: [2, 2, 2, 2, 0, 0, -46, -46, -46, -42, -46, -50, 6, 6, 4, 4, -38, -42, -62, -46, -48, 6, 6, 4, 4, 2, 4, -44, 8, 10, 4, 4, -48, -46, 6, 8, 8, 8, 4, 4, -32, -36, -44, -42, -40, -56, -56, -48, 6, 8, 4, 4, -30, -46, -54, -48, -48, 6, 8, -62, 4, -24, -32, -32, -44, -46, -46, -60, -56, -48, -46, 6, 8, 4, -32, -46, -48, -48, 6, 8, 4, 4, -30, -30, -36, -46, -58, -48, -48, 6, 8, 8, 4, -46, -44, -42, -56, -48, -48]
Average RSSI: -22.78787878787879

Distance: 1 meters
RSSI values: [-20, -20, -22, -22, -18, -18, -22, -22, -18, -20, -18, -18, -22, -22, -20, -18, -18, -22, -22]
Average RSSI: -20.105263157894736

Distance: 4 meters
RSSI values: [-52, -54, -48, -48, -48, -48, -52, -46, -48, -48, -50, -50, -44, -44, -44, -44, -42, -42, -48, -48, -54, -56, -54, -46, -44, -44, -48, -48]
Average RSSI: -47.92857142857143

Distance: 7 meters
RSSI values: [-54, -48, -46, -52, -44, -50, -52, -52, -50, -56, -56, -56, -60, -58, -50, -52, -56, -60, -60, -60, -56, -56, -54, -54, -52, -52, -54, -52, -52, -58, -58, -50, -54, -52, -58, -62, -52, -52, -56, -56, -52, -50, -54, -52, -50, -52, -58, -52, -54, -54, -54, -52, -52, -54, -56, -58, -54, -50, -52, -54, -60]
Average RSSI: -53.868852459016395

Distance: 10 meters
RSSI values: [-50, -48, -50, -54, -54, -50, -50, -48, -48, -54, -50, -50, -50, -50, -54, -50, -50, -52, -54, -54, -50, -48, -48, -54, -54]
Average RSSI: -50.96

Distance: 13 meters
RSSI values: [-62, -62, -58, -60, -62, -64, -64, -62, -64, -64, -64, -66, -64, -66, -68, -66, -68, -66, -62, -66, -64, -68, -72, -78, -74, -72, -68]
Average RSSI: -65.70370370370371

Distance: 16 meters
RSSI values: [-52, -52, -54, -52, -62, -50, -50, -52, -52, -58, -58, -54, -56, -58, -58, -54, -62, -62, -52, -64, -64, -48, -50, -52, -60, -60, -52, -54, -54, -60, -62, -52, -52, -52, -62, -62, -52, -54, -56, -56, -64, -62, -50, -48, -48, -48]
Average RSSI: -55.34782608695652

