Measurement 1:

Distance: 0 meters
RSSI values: [10, 10, 10, 8, 8, 8, 8, 4, 4, 4, 6, -46, -46, -44, -46, -48, -48, -48, -48]
Average RSSI: -15.473684210526315

Distance: 1 meters
RSSI values: [-14, -14, -18, -18, -16, -22, -20, -20]
Average RSSI: -17.75

Distance: 2 meters
RSSI values: [-26, -26, -24, -24, -24, -26, -24, -24, -28, -26, -26]
Average RSSI: -25.272727272727273

Distance: 3 meters
RSSI values: [-22, -22, -22, -22, -26, -24, -24, -24, -28, -28]
Average RSSI: -24.2

Measurement 2:

Distance: 0 meters
RSSI values: [-46, -44, -44, -42, -44, -42, -34, -32, 0, 0, 2, 2, 4, 4, 6, 4, 4, 6, 6, -16, 6, 4, 6, 6, 4, 4, 4, 4, -48, -48, -42, -42, -40, -40, -38, -40, 0, 0, 2, 2, 4, 6, 4, 6, 6, 6, 8, 6]
Average RSSI: -11.583333333333334

Distance: 1 meters
RSSI values: [-34, -33, -33, -32]
Average RSSI: -33

Distance: 2 meters
RSSI values: []
Average RSSI: No data captured

Distance: 3 meters
RSSI values: [-54, -53, -51, -47, -41, -43, -41, -42]
Average RSSI: -46.5

Measurement 3:

Distance: 0 meters
RSSI values: [-6, -4, -2, -2, -4, -4, -4, -4, -10, -8, -8, -8, -38, -44, -52, 6, 6, 6, 4, 4, 4, 4, 0, 2, 2, 2, -38, -32, -40, -38, -44, -46]
Average RSSI: -12.375

Distance: 1 meters
RSSI values: [-20, -18, -18, -18, -18, -20, -18, -18, -24, -22, -20, -22, -16, -14, -12, -18, -18, -16, -16, -18, -18, -16, -18, -22, -22, -20, -20]
Average RSSI: -18.51851851851852

Distance: 2 meters
RSSI values: [-36, -36, -36, -36, -44, -40, -38, -38, -34, -34, -30, -32, -30, -28, -28, -28, -32, -30, -30, -30]
Average RSSI: -33.5

Distance: 3 meters
RSSI values: [-24, -24, -24, -24, -22, -22, -20, -20, -20, -20, -18, -18, -18, -18, -18, -18, -22, -22, -22, -22, -24, -24, -24, -24, -22, -20, -22, -20, -20, -20, -18, -20, -22, -18, -18, -18, -22, -22]
Average RSSI: -20.894736842105264

Measurement 4: (2 minutes every distance)

Distance: 0 meters
RSSI values: [0, 0, 0, 0, 2, 4, 4, 4, 2, 4, 4, 4, 4, 4, 4, 6, 0, 2, 2, 2, -34, -36, -34, -34, -48, -48, -30, -2, 0, 0, 0, 4, 4, 4, 4, 4, 4, 6, 4, 6, 4, 4, 0, 0, 2, 0, -38, -42, -2, 0, 0, 0, 4, 4, 4, 4, 2, 6, 6, 6, 4, 4, 4, 4, 0, 0, 2, 0, -34, 0, 0, 2, 2, 4, 4, 4, 4, 4, 6, 4, 6, 4, 4, 4, 4, -2, -2, 0, 0, -38, -32, -32, -32, 0, 2, 2, 2, 4, 4, 4, 4, 2, 4, 4, 4, 0, 2, 2, 2, -4, -2, -2, -2, -30, -30, -32, 0, 2, 2, 2, 4, 4, 4, 4, 2, 2, 2, 2, -2, 0, 2, 2, -4, -2, 0, 0, -44, -42, -40, -42, 0, 0, 2, 2, 0, 0, 2, 0, 0, 2, 2, -2, 0, 0, 0, -44, -46, -44, -44, -44, -30, -32, -2, 0, 0, 0, 0, 2, 2, 2, 2, 2, 4, 0, 0, 0, -46, -48, -48, -48, -48, -40, -40, -4, -2, -2, 0, 0, 2, 4, 4, 2, 2, 2, 2, -22, -50, -44, -42, -38, -2, 0, 0, 0, 4, 4, 4, 4, 2, 2, 2]
Average RSSI: -5.962085308056872

Distance: 1 meters
RSSI values: [-22, -22, -22, -23]
Average RSSI: -22.25

Distance: 2 meters
RSSI values: [-32, -32, -30, -30, -32, -32, -32, -30, -34, -32, -22, -22, -22, -22, -24, -24, -22, -22, -24, -24, -24, -24, -24, -22, -22, -24, -24, -24, -24, -30, -26, -26, -28, -26, -24, -26, -24, -26, -26, -26, -24, -30, -28, -28, -28, -26, -24, -22, -24, -26, -26, -26, -24, -28, -28, -28, -30, -24, -24, -22, -24, -24, -22, -22, -24, -24, -22, -22, -24, -24, -24, -24, -24, -24, -24, -22, -22, -24, -22, -22, -24, -24, -24, -22, -26, -26, -24, -24, -42, -42, -40, -40, -40, -40, -46, -48, -42, -40, -42, -42, -40, -42, -40, -32, -30, -28, -24, -24, -24, -22, -22, -22, -22, -22, -22, -20, -20, -22, -20, -20, -20, -24, -22, -22, -22]
Average RSSI: -26.832

Distance: 3 meters
RSSI values: [-30, -28, -28, -28, -34, -34, -32, -32, -28, -28, -28, -28, -30, -30, -28, -26, -28, -28, -28, -28, -32, -32, -32, -32, -36, -36, -32, -32, -32, -30, -30, -30, -28, -28, -28, -68, -32, -32, -32, -30, -34, -32, -34, -32, -32, -30, -30, -28, -30, -28, -30, -30, -32, -28, -28, -28, -34, -34, -32, -32, -32, -32, -32, -32, -28, -28, -28, -28, -30, -30, -28, -28, -32, -30, -30, -28, -34, -34, -32, -34, -30, -30, -32, -32, -30, -32, -30, -32, -32, -32, -32, -34, -36, -34, -34, -34, -32, -32, -30, -34, -30, -30, -30, -32, -32, -30, -34, -32, -32, -32, -36, -34, -30, -30, -30, -30, -30, -28, -28, -28, -34, -32, -32, -32, -30, -28, -28, -28, -30, -28]
Average RSSI: -31.076923076923077

